359050090645120
355377090837389
354301097058725
355978093641320
355978093685624
359050090629041
355978093652426
354529100020387
355978093652426
4627167111064
359050094310325
354529100064088
4627167111101
354529100148949
4627167111101
359050097291860
359050094337849
355505100171007
353770102445187
353770102416469
354529100064468
354529100148949
355505100079721
355505100024867
354529100240985
353770101799808
355505100035947
359050097375085
354529100148949
355505100133007
354529100224922
358721103560644
355377090837363
354529100639145
353770101813427
355505100101145
359050097309704
354529100229442
359050094461540
355505100061984
353303103984069
355505100248748
4627167111286
354529100240985
355377090837009
355505100248748
355505100055309
354529101103042
354529100957406
355505100127769
353303101661446
359050097389383
354529100207042
354529100081967
4627167112580
355505100058543
358884103941105
353770101980929
354529100898345
353959113764187
354529100195288
355505100059905
4895180754975
359050097350583
354529100226422
354529100152883
355505100035947
353770101735125
354529101138220
353785110356408
358884102826646
4630010827395
353785110390340
354529101131183
354529100224922
358884102802001
354529100242866
355505100061984
355505100094886
353785110331187
353959115672420
353770101786748
353785112507461
353959115831703
353959113757082
354529100191725
355017110087348
353959113919963
358884103752767
355505100295749
353785112518740
358884102823163
354450116516005
353959115804866
4630010827883
353959115744989
353959115683245
354529100152883
353959113919963
358884102549164
354529100944420
358884102824260
353770109185646
354529101138220
358884102794422
355505100287423
358721103559729
355505100281889
355505100060069
353076892248926
359050094450923
359050097380242
358884102527566
353770101979269
355017110087165
358884102802001
353371114331067
353959113770663
358884102804908
359050097298568
353959115683245
354529100884022
355505100101145
j702twem1alc071596
358884102818528
353076893336183
358721103636683
355505100257285
353959113770663
354529101096006
353959115772329
353785112519326
354529101122349
355505100113264
355505100102168
358884103744780
358721104419527
355505100047769
353770109009580
358303108195542
j613tweh2akp026251
j613tweh2akp026478
358884102815789
353371114341165
353785112520746
355017110024523
4630010827890
354529101135366
4630010782366
353076893670946
354529100920024
358884103466368
353785112576961
358721103453980
353076894070963
358303108215720
353959115772261
j613tweh2akp026539
353076892245609
353371114637786
353782110363047
355017110013468
353076892208649
353785110340147
354529100930163
355505100248243
353076892778260
4630010826978
354529101135366
355297296121687
353076893323488
353959113831341
356200111916587
355017118374623
353076894454688
358616107057045
355017110086860
353785112524144
4627167116212
353959115690745
j613tweh2akp026387
353959113923502
353785112507040
353076892245609
355017110086860
353371114338328
353076892814867
353782110748981
353076894132425
4630010829580
358721104287809
355017110092702
4895180754982
4895180754937
353076892245609
355505100283208
353371114318122
353076894271546
353959113929806
353076893232929
353785112519185
358616107570229
350222494905603
358721109996800
353076894436388
353076894160269
353306110734542
353959115772329
355505100285344
353722111428605
353371114664244
359078326079020
358884102571689
355297296637583
353722110919927
J911TWEH2AKP013416
353782110364946
354529100148949
353782110968068
353076892521280
353076892513105
355297296947883
350222493600163
353722110945203
350222492842782
353371115581645
353076895124389
353782111013823
355297299166085
358303103379604
358303104301029
353076893289986
353770109167909
358616108213605
353782110464522
353076894912065
355297298194260
359078326900183
353076892251144
353076894357386
353306110353269
353371115230466
359078326910943
359078321346465
j613tweh2akp026406
353371114349366
359078325916164
354237660997867
359078322758007
353306110730805
353371114661109
J613TWEH2AKP026537
353076894423543
353306110847609
354529100889906
353371114661109
353371114844945
353782110341449
355297296963989
353371115592683
353722111444362
353371114664244
353076894097206
353722111449304
359078322640023
352988320087521
350222492966185
350222498126602
J911TWEH2AKP015596
354237660326125
353371115592683
355297298164560
J613TWEH2AKP026537
353371115465369
353076894582686
353782110990427
J725TWEH1KNX007038
352988320978364
350222497790846
353722111521144
352988320514326
354237660749060
355064171531202
353076894167843
354237661051425
352988321421703
J813TWEH2AKP027157
354237660346867
352988320700347
355297298164560
353782110707664
J911TWEH2AKP038024
350222497706081
353782111060543
350222498126602
353722111359602
359078322767925
352988321136160
355064170481664
353371115465369
354237660726662
352988320935521
353722110853167
350222495186724
350222492966185
354237661032128
353076894160707
359078322621247
350222495189447
350222495046704
352988320700347
354237661682021
350222497358685
352988320570682
350217894300082
350222498126263
353722111359602
354237661824888
352988321421703
354237660601501
355064170463605
359078322660427
352988321414286
355064170728767
353076894164667
354237660572520
350222492956608
353722111456424
354237661063826
354237663302305
352988321154643
355064170551425
354237662749100
353076894991028
352988321685000
354237664133683
352988321164923
350222497347100
354237660849944
J911TWEH2AKP039219
352988321154643
354237660982265
352988321126567
352988321441206
354237664133683
352988320608086
355649351629428
352988320346604
353922697229241
353371115210880
353722110853167
350222497730768
352988320558406
352988321136160
353722111525020
355064171582569
354443485958221
354443486004843
353306111019083
350217896754641
354237662447283
350222497730768
352988320608086
352988320965486
350217894752308
352988321169161
354237662874809
355649352143221
350222498087085
354237662787183
352988320476468
350217897368763
355649351888461
352988320214489
353922693662841
352988320184203
353770102454262
352988320683642
352988321918963
359130901335028
354443485996981
352988320683089
354237660709569
353918140614708
350217896166861
352988321099301
359240521302728
350217897084964
352988320536667
354237662196500
352988320699820
350217894760285
355064171346304
350217894879762
352988320483324
350217895055743
354710752143426
358296213480926
353918140613643
352988320616626
358721103449822
350217896191281
354443485998326
353918140613643
352988321918385
359240521302728
350217894879762
352988320699820
354710751955747
359240521302728
354237662133065
354443486130101
354710756200008
355649352140888
353201590893183
353922697234068
350470831046405
350217897451320
352988320965486
354578361137323
350217894879762
355064171346304
359130903641944
350217894169503
353201593423483
354237662263144
354710751139045
359130903613703
4895180765681
355649351943340
359130909281927
354710756655029
353922697197281
354710752406286
354710751366564
350217897639403
355064172268820
354578361213066
355649352693829
354710756546780
354443486059904
352988321090680
353922693662841
355649353261089
359130909309520
358987937147508
352988321653644
354237662258029
352988324804426
356061280814841
359240521284769
354710752004768
354710756542300
355649351789909
354710751367562
358987935069266
355649353084622
354578364950268
359506432140542
353918146942608
352988324287382
353918142093067
354237660665241
355064172087568
350217896190788
358987936682802
358987935783346
354710756546780
356192120959205
350284580843189
354710755820681
352517301866064
358987935271342
353918142728522
350966464643483
356192120951723
350284580684286
353922697046884
354710756896268
354578361621185
353918146408162
359240521303320
359240521169069
354710758848747
353918144669161
354710757627720
353781280488329
353781282261922
350284581155161
350284581984347
350284582020224
355649352777309
352988324287382
353201593448001
359506430138647
357293344661087
359240521309905
353781282373081
355649352551282
354529616112702
351533472411086
354578360346800
356192126873384
354710750214427
355126626190544
352517301627649
354710751365962
359506431711103
350284582344285
351199044746662
352517306328045
353201592242165
358987936162201
358987935778023
353918146942608
353201590897267
358987936035308
354710752004768
350899816854021
353781283275061
353781280366806
350966462016229
357248772110502
352153900348542
354462307266209
355126624283986
353918146265083
352517301627649
354710755398803
353781280371384
353799192491801
358987933210821
353781285070387
356192121201789
TLCMDRU12A25438
358987936162201
357248778871909
352517302265720
357460383716680
353781285047484
353799193371424
354282574819567
356192121000942
352153900049322
355978093629523